613
614
662
663
665
666
668
796
799
965
1199
1200
1201
1202
1203
1204
1205
1206
1326
1699
3138
3141
3222
3223
3224
3247
3248
4776
4777
4790
4791
4799
5092
5101
6028
6526
6529
6530
6550
6552
6553
6554
6555
6556
6557
6558
6559
6560
6561
6563
6565
6566
6567
6568
6569
6570
6571
6572
6573
6574
6575
6576
6577
6658
6659
6660
6661
6662
6667
6668
6669
6670
6671
6672
6673
6674
6675
6695
6696
6697
6698
6791
6792
6793
6799
25365
25370
25380
25383
25384
25385
25386
25387
25388
25389
25390
25401
25420
25438
25443
25522
25537
25576
25577
25690
25367
25378
25482
25483
25484
25485
25486
25487
25488
25489
25490
25491