612
667
699
793
794
795
797
798
999
1194
1195
1196
1197
1198
1573
2883
2884
3135
3137
3139
3140
4769
4770
4771
4772
4773
4774
4782
4789
5091
5100
5690
5694
5695
6027
6272
6528
6532
6551
6578
6581
6583
6584
6585
6586
6587
6588
6589
6590
6591
6592
6593
6594
6595
6599
6600
6603
6604
6605
6608
6609
6610
6611
6612
6613
6615
6617
6618
6620
6621
6622
6623
6624
6625
6626
6627
6628
6629
6630
6631
6632
6634
6635
6636
6637
6638
6640
6641
6642
6643
6646
6648
6649
6650
6651
6652
6653
6654
6655
6656
6657
6663
6664
6665
6666
6677
6678
6759
6765
6766
6767
6768
6769
6770
6771
6772
6773
6774
6778
6779
6780
6781
6785
6786
6787
6788
25369
25421
25424
25434
25439
25440
25441
25442
25445
25461
25492
25512
25513
25514
25515
25517
25640
25641
25642
25643
25689
25426
25427
25428
25429
25430
25431
25432
25433